eki.iteration_summaries[end] = IterationSummary(iteration=20, pseudotime=5.747, pseudo_Δt=0.850789) for 8000 particles and 20 parameters
                            CᵂwΔ |       Cᵂu★ |        Cᴰ⁻ |        Cᴰʳ |        Cˢc |        Cˢu |        Cˢe |        Cᵇc |        Cᵇu |        Cᵇe |       Cᴷc⁻ |       Cᴷu⁻ |       Cᴷe⁻ |       Cᴷcʳ |       Cᴷuʳ |       Cᴷeʳ |      CᴰRiᶜ |      CᴰRiʷ |      CᴷRiᶜ |      CᴷRiʷ | 
       ensemble_mean:  8.447e+00 |  6.724e+00 |  2.091e+00 |  4.537e+00 |  2.713e+00 |  2.414e+00 |  1.907e+00 |  1.619e+00 |  1.752e+00 |  1.835e+00 |  3.125e+00 |  3.637e-01 |  6.790e+00 | -1.807e-01 | -1.030e-01 |  5.964e-01 | -1.110e-01 |  1.999e+00 | -3.694e-01 |  3.034e+00 | 
       best particle:  8.766e+00 |  5.456e+00 |  1.785e+00 |  7.572e+00 |  1.882e+00 |  3.469e+00 |  2.668e+00 |  6.976e-01 |  1.565e+00 |  1.454e+00 |  4.898e+00 |  4.559e-01 |  9.845e+00 | -7.392e-01 |  2.397e-03 |  1.584e+00 | -7.025e-02 |  3.242e+00 | -1.705e+00 |  4.142e+00 | error = 8.310792e-02
      worst particle:  8.112e+00 |  6.692e+00 |  3.563e+00 |  6.868e-01 |  2.390e+00 |  2.458e+00 |  2.039e+00 |  1.307e+00 |  1.702e+00 |  2.069e+00 |  2.296e+00 |  5.306e-01 |  6.031e+00 |  1.323e-02 | -9.642e-01 | -7.793e-02 |  2.082e-01 |  9.434e-01 | -1.047e+00 |  2.737e+00 | error = 3.410793e+00
             minimum:  4.165e+00 |  4.106e+00 |  2.182e-01 | -6.396e-01 |  2.370e-01 |  2.821e-02 |  9.950e-02 |  8.762e-02 |  8.266e-02 |  3.882e-02 |  2.438e-01 |  8.563e-02 |  9.478e-01 | -9.503e-01 | -9.720e-01 | -9.222e-01 | -1.942e+00 |  1.291e-01 | -3.853e+00 |  1.763e-01 | 
             maximum:  1.186e+01 |  1.159e+01 |  3.906e+00 |  9.592e+00 |  3.977e+00 |  3.930e+00 |  3.952e+00 |  3.830e+00 |  3.881e+00 |  3.887e+00 |  9.419e+00 |  1.912e+00 |  1.881e+01 |  1.785e+00 |  1.862e+00 |  2.856e+00 |  1.939e+00 |  3.875e+00 |  3.818e+00 |  5.932e+00 | 
   ensemble_variance:  3.950e+00 |  2.765e+00 |  7.531e-01 |  6.243e+00 |  7.572e-01 |  1.696e-01 |  5.057e-01 |  8.811e-01 |  9.563e-01 |  7.682e-01 |  2.129e+00 |  4.550e-02 |  6.090e+00 |  3.799e-01 |  4.523e-02 |  8.656e-01 |  1.446e-01 |  8.220e-01 |  3.296e+00 |  1.460e+00 | 


